clone	all	HSC	nonHSC	freqHSC	freqNon	relout	Mk	Ery	My	DC	Ly	MPP	significantActive	inactive	active	Mkbias>1	Mkbias>4	inactive	notbiased	Mkbias
AAGCTGCTGGCATCCAACAACAGAACATG	1360	161	1199	0.040219835	0.139825073	3.475656126	0.063482087	0.152258065	0.111645813	0.050505051	0.006024096	0.104417671	1	0	1	0	0	0	1	0.835913568
CAGATGCGATCACGCAACGGGAGAGCGAG	1276	279	997	0.069697727	0.116268222	1.667938793	0.056568196	0.084731183	0.108116779	0.121212121	0.042168675	0.094779116	1	0	1	0	0	0	1	0.664229424
ATGGTGAGTCCATCTTACATTAGAGATTG	1209	132	1077	0.032975269	0.125597668	3.80768971	0.042111879	0.092903226	0.128328521	0.04040404	0.120481928	0.099062918	1	0	1	0	0	0	1	0.461224093
GGAGTGGAAGCAGCCAACCTACGACTTAG	914	438	476	0.109417937	0.055510204	0.507276349	0.060339409	0.031827957	0.03946102	0.01010101	0	0.048728246	1	1	0	1	1	0	0	3.007064055
TTAATGTAATCATGCAACAATGGACAAAG	824	121	703	0.03022733	0.081982507	2.711301184	0.045883092	0.057204301	0.087905037	0.04040404	0.006024096	0.058366801	1	0	1	0	0	0	1	0.994498336
AGCTTGTATTCAAGCCACTCGAGATTAAG	739	444	295	0.110916812	0.034402332	0.310135409	0.01822753	0.032258065	0.034969522	0	0	0.021954485	1	1	0	1	0	0	0	1.137643445
ACTTTGACTACACTGAACTACAGAGCACG	712	516	196	0.128903323	0.022857143	0.177306289	0.056568196	0.014193548	0.008982996	0.01010101	0.006024096	0.011512718	1	1	0	1	1	0	0	5.599821969
ACGTTGACTACAAAGAACTCAAGAAAACG	671	510	161	0.127404447	0.01877551	0.147357782	0.032055311	0.015053763	0.007058069	0.01010101	0	0.013922356	1	1	0	1	1	0	0	3.87405615
ATATTGCGCCCACCTAACTGAGGAGACTG	667	132	535	0.032975269	0.062390671	1.891470747	0.037083595	0.057634409	0.064164261	0.02020202	0	0.037483266	1	0	1	1	0	0	0	1.079724622
GATTTGTCAACAGTTCACCGCAGATCCAG	606	61	545	0.015238571	0.063556851	4.168052929	0.013199246	0.038709677	0.055181264	0.101010101	0.144578313	0.061044177	1	0	1	0	0	0	1	0.170397518
AAGTTGTACACACTAGACTTCTGACAAAG	408	115	293	0.028728454	0.034169096	1.188967806	0.023255814	0.028387097	0.025024062	0.02020202	0.006024096	0.0291834	1	0	1	1	0	0	0	1.22079607
GGCATGACAGCATACGACAAATGAACGCG	239	26	213	0.006495129	0.02483965	3.818471773	0.00565682	0.034408602	0.018607636	0.02020202	0.018072289	0.016331995	1	0	1	0	0	0	1	0.280963093
AAATTGAAGCCACGCAACGATAGAAATTG	227	52	175	0.012990257	0.020408163	1.569827641	0.013199246	0.014623656	0.013153673	0	0.024096386	0.020080321	1	0	1	1	0	0	0	1.056647083
GAATTGAAGACAAAATACAATAGAAGGTG	201	20	181	0.004996253	0.021107872	4.216301597	0.006913891	0.014193548	0.019890921	0	0.042168675	0.018206158	1	0	1	0	0	0	1	0.402828378
CCTCTGCCGGCAACCTACATGCGATTCAG	186	16	170	0.003997002	0.019825073	4.947607128	0.003142678	0.012903226	0.018607636	0.01010101	0.018072289	0.019544846	1	0	1	0	0	0	1	0.253195225
GAAATGAAAACAGACGACACATGATCCTG	147	92	55	0.022982763	0.006413994	0.278957087	0.003771213	0.004731183	0.00481232	0	0	0.006157965	1	1	0	1	0	0	0	1.275637065
CATGTGACCTCACATAACACTTGAAATTG	144	131	13	0.032725456	0.001516035	0.046311711	0.006285355	0	0	0	0	0.000803213	1	1	0	1	1	0	0	9.891128634
CAGTTGTTAACAAGACACGGTTGATGTGG	109	15	94	0.00374719	0.010962099	2.917632664	0.006285355	0.006451613	0.012512031	0	0	0.008032129	1	0	1	1	0	0	0	1.190145353
AAACTGGGTACAACGAACAATCGACAAAG	108	55	53	0.013739695	0.006180758	0.449519638	0.005028284	0.009032258	0.000962464	0	0	0.00562249	1	1	0	1	0	0	0	1.609851189
TTACTGCCGTCAGATTACCTTCGAAAAAG	106	27	79	0.006744941	0.009212828	1.363864997	0.00565682	0.006451613	0.010266282	0	0	0.006157965	1	0	1	1	0	0	0	1.361205184
CTATTGAGTACAAGGCACAACAGATTAAG	96	85	11	0.021234074	0.001282799	0.060383842	0.005028284	0.000430108	0.000320821	0	0	0.000267738	1	1	0	1	1	0	0	5.199620081
TGCTTGTTACCACCAGACCCTTGACAAGG	93	17	76	0.004246815	0.008862974	2.08206699	0.000628536	0.008172043	0.008982996	0.02020202	0.006024096	0.00669344	1	0	1	0	0	0	1	0.115552051
TTCTTGCCTACACAGAACTTTAGATGAGG	89	28	61	0.006994754	0.007113703	1.015553536	0.014456317	0.004301075	0.003529034	0	0	0.004551539	1	0	1	1	1	0	0	5.74003326
GAATTGAAAACATAACACATGCGAAAACG	88	19	69	0.00474644	0.008046647	1.691737296	0.00565682	0.00688172	0.006095605	0.01010101	0	0.006425703	1	0	1	1	0	0	0	1.028572187
CGTTTGAGACCATCAGACAAAGGATGAAG	81	54	27	0.013489883	0.003148688	0.23323818	0.010685104	0.000430108	0	0	0	0.002409639	1	1	0	1	1	0	0	14.11155474
AGGCTGTCTTCAGTTTACATAAGATCCAG	80	68	12	0.01698726	0.001399417	0.082331914	0.005028284	0	0.000641643	0	0	0.000535475	1	1	0	1	1	0	0	6.276163808
AAACTGTGGACATCCCACTACCGATAGTG	78	56	22	0.013989508	0.002565598	0.183263418	0.006285355	0.002150538	0.000320821	0	0	0.001606426	1	1	0	1	1	0	0	4.83813773
AACATGGTCCCACGAGACCTGAGAAATGG	76	19	57	0.00474644	0.00664723	1.397522114	0.004399749	0.009032258	0.003208213	0	0	0.005087015	1	0	1	1	0	0	0	1.388615675
AACATGAAACCAGCTAACCACGGAGAGCG	70	16	54	0.003997002	0.006297376	1.571592852	0.003771213	0.005591398	0.00481232	0	0.018072289	0.004551539	1	0	1	0	0	0	1	0.507351046
AAAGTGAGGACAAGAAACCTACGAGCCTG	62	27	35	0.006744941	0.004081633	0.604243986	0.003771213	0.00516129	0.001924928	0	0	0.002945114	1	1	0	1	0	0	0	1.53369046
GTCATGATATCACGGAACTCAGGACCTAG	62	5	57	0.001249063	0.00664723	5.279504879	0.001257071	0.007311828	0.006095605	0	0.018072289	0.004283802	1	0	1	0	0	0	1	0.155781174
GACGTGTCCGCACCTCACCCGAGATCCGG	57	4	53	0.000999251	0.006180758	6.124106589	0.003771213	0.004731183	0.005133141	0	0	0.005354752	1	0	1	1	0	0	0	1.207891846
GGAGTGTGCGCACAGAACGCCCGAATGTG	53	14	39	0.003497377	0.004548105	1.296725444	0.008799497	0.002150538	0.000962464	0.01010101	0	0.004283802	1	0	1	1	1	0	0	2.322389037
AGGCTGGCATCAATCTACACTTGAAATTG	52	13	39	0.003247564	0.004548105	1.396167351	0.003771213	0.002150538	0.003849856	0	0.006024096	0.004016064	1	0	1	1	0	0	0	1.041896023
AGAATGACTACACTGAACACGAGAAGGAG	40	9	31	0.002248314	0.00361516	1.600822882	0.008799497	0.004731183	0.000641643	0	0	0.00107095	1	0	1	1	1	0	0	4.481852449
AAATTGACCACAACGAACAAAAGATCCTG	36	15	21	0.00374719	0.00244898	0.651811553	0.002514142	0.002150538	0.001283285	0	0	0.002141901	1	1	0	1	0	0	0	1.718661613
CCGTTGTTTACACCGGACCTGGGACGAAG	35	13	22	0.003247564	0.002565598	0.787581583	0.001257071	0.001290323	0.001283285	0	0.006024096	0.003212851	1	1	0	0	0	0	1	0.451979705
CCTCTGCCCCCAGCGCACAACCGAATCCG	33	11	22	0.002747939	0.002565598	0.930259018	0.003142678	0.001290323	0.000320821	0	0	0.003480589	0	0	0	1	1	0	0	3.330127853
CATCTGCCTGCAGATTACCGGCGATCAGG	29	14	15	0.003497377	0.001749271	0.498740556	0.003142678	0.000430108	0.000962464	0	0	0.001606426	1	1	0	1	1	0	0	3.901341155
ACTCTGTACTCAACGAACCCCTGAGGCAG	25	11	14	0.002747939	0.001632653	0.591983011	0.001885607	0.002150538	0.000641643	0.01010101	0	0.000803213	1	1	0	0	0	0	1	0.664726138
TAGATGTGCACATAACACAAACGAAAAGG	25	8	17	0.001998501	0.001982507	0.987058093	0.001257071	0.00344086	0.000962464	0	0	0.00107095	0	0	0	0	0	0	1	0.702385823
TTCATGCACGCAATTGACATTCGACCGTG	24	3	21	0.000749438	0.00244898	3.224726501	0.000628536	0.000430108	0.002245749	0	0	0.003212851	1	0	1	0	0	0	1	0.971501915
CGCCTGTCAGCAGCGCACACCCGACATTG	19	10	9	0.002498126	0.001049563	0.418464827	0.000628536	0.001290323	0	0	0	0.001338688	1	1	0	1	0	0	0	1.304783303
GCACTGTCTACACCCAACCAAGGAGAAGG	18	13	5	0.003247564	0.00058309	0.178995814	0	0.000430108	0	0	0	0.00107095	1	1	0	0	0	0	1	0.007851062
AGTGTGTACTCAAATAACGTCTGAGAATG	15	15	0	0.00374719	0	0	0	0	0	0	0	0	1	1	0	0	0	1	0	0.00990099
TATATGCGAACAAGCAACATCGGAACCTG	15	1	14	0.000249813	0.001632653	6.283963159	0.001257071	0.000860215	0.001604107	0	0	0.001338688	1	0	1	0	0	0	1	0.971501915
TTGGTGCGCCCATGTAACACATGAACCCG	14	1	13	0.000249813	0.001516035	5.835108647	0	0	0.002887392	0	0	0.00107095	1	0	1	0	0	0	1	0.00429449
GCGATGGCCACATCGCACGGACGACCGCG	13	10	3	0.002498126	0.000349854	0.139488276	0.000628536	0	0.000320821	0	0	0.000267738	1	1	0	1	0	0	0	1.574929248
AATTTGACGTCATTGAACAGCAGACTAAG	12	11	1	0.002747939	0.000116618	0.042284501	0	0	0	0	0	0.000267738	1	1	0	0	0	1	0	0.00990099
CTTGTGTGTCCAACTAACCGACGAATAAG	11	3	8	0.000749438	0.000932945	1.228467239	0.003142678	0	0.000641643	0	0	0.000267738	1	0	1	1	1	0	0	4.709085622
CCATTGAACACACATAACCGAGGATGGAG	11	1	10	0.000249813	0.001166181	4.488545113	0	0.001290323	0.001283285	0	0	0.000803213	1	0	1	0	0	0	1	0.004842961
AACTTGATGTCAGGAGACTTCTGAAAAGG	10	5	5	0.001249063	0.00058309	0.463114463	0	0.002150538	0	0	0	0	1	1	0	0	0	0	1	0.004842961
AAAATGGAAACACCCCACTATAGACACCG	10	1	9	0.000249813	0.001049563	4.039690602	0.000628536	0.002150538	0	0	0	0.000803213	1	0	1	0	0	0	1	0.971501915
AACCTGCCAACAGCTGACTGAAGAACACG	9	6	3	0.001498876	0.000349854	0.231864158	0	0	0.000320821	0	0	0.000535475	1	1	0	0	0	0	1	0.007851062
ATTGTGAGCTCAAGATACAATAGATGCAG	8	8	0	0.001998501	0	0	0	0	0	0	0	0	1	1	0	0	0	1	0	0.00990099
ACAATGATAACAATTCACGAAAGACTCGG	8	6	2	0.001498876	0.000233236	0.154576106	0	0.000430108	0	0	0	0.000267738	1	1	0	0	0	0	1	0.007851062
ACCTTGGGTGCAATCAACAGAAGAGAAAG	8	5	3	0.001249063	0.000349854	0.277868678	0.000628536	0.000430108	0	0	0	0.000267738	1	1	0	1	0	0	0	1.574929248
GACATGGAACCAGAATACATCTGAGAAAG	8	4	4	0.000999251	0.000466472	0.462196724	0.001257071	0.000430108	0	0	0	0.000267738	1	1	0	1	0	0	0	1.574929248
CCTGTGGCCTCAATGCACAATCGAATGAG	8	3	5	0.000749438	0.00058309	0.767792024	0.001257071	0.000860215	0	0	0	0.000267738	0	0	0	1	0	0	0	1.304783303
GTCGTGCACCCAAATAACTCGTGATAATG	7	1	6	0.000249813	0.000699708	2.693127068	0	0.000430108	0.000320821	0	0	0.00107095	1	0	1	0	0	0	1	0.006504377
CGTTTGGAGTCAATCTACCAAGGAGGCAG	6	3	3	0.000749438	0.000349854	0.460675214	0.000628536	0.000860215	0	0	0	0	1	1	0	1	0	0	0	1.304783303
GAGCTGATGCCAGTGAACTCCTGAAATCG	5	4	1	0.000999251	0.000116618	0.115549181	0	0	0	0	0	0.000267738	1	1	0	0	0	1	0	0.00990099
CCGTTGGCTTCAGTAAACTTTAGAAAGAG	5	2	3	0.000499625	0.000349854	0.686493077	0	0	0.000641643	0.01010101	0	0	0	0	0	0	0	0	1	0.001912262
GAAATGTTAGCATTTCACAAGGGACGACG	5	1	4	0.000249813	0.000466472	1.795418045	0	0.001290323	0	0	0	0.000267738	1	0	1	0	0	0	1	0.006504377
TCAGTGGCAGCAACACACTGCCGAGCACG	4	4	0	0.000999251	0	0	0	0	0	0	0	0	1	1	0	0	0	1	0	0.00990099
ACACTGCAACCAATCTACCCACGAGCCTG	4	2	2	0.000499625	0.000233236	0.457662051	0	0.000430108	0.000320821	0	0	0	0	0	0	0	0	0	1	0.006504377
ATGTTGTATGCAGCATACAAGTGACATAG	4	1	3	0.000249813	0.000349854	1.346563534	0	0.000860215	0.000320821	0	0	0	1	0	1	0	0	0	1	0.006504377
AACATGATCACAGTTTACGAACGACACGG	4	1	3	0.000249813	0.000349854	1.346563534	0	0.000430108	0.000320821	0	0	0.000267738	1	0	1	0	0	0	1	0.006504377
CACCTGGCTCCATTCCACTGACGATTCCG	3	3	0	0.000749438	0	0	0	0	0	0	0	0	1	1	0	0	0	1	0	0.00990099
ACACTGTGGGCAATTCACATGCGATACGG	3	3	0	0.000749438	0	0	0	0	0	0	0	0	1	1	0	0	0	1	0	0.00990099
CCCCTGCTCCCAGGTCACTCGTGAGATCG	3	3	0	0.000749438	0	0	0	0	0	0	0	0	1	1	0	0	0	1	0	0.00990099
GATTTGCGCACACGCTACGTTCGAGCTAG	3	2	1	0.000499625	0.000116618	0.228831026	0	0	0	0	0	0.000267738	1	1	0	0	0	1	0	0.00990099
GGTTTGATGACACCTAACAGAAGATGATG	3	2	1	0.000499625	0.000116618	0.228831026	0	0.000430108	0	0	0	0	1	1	0	0	0	0	1	0.007851062
CTTATGCCGCCATTGAACGATGGAAGTGG	3	2	1	0.000499625	0.000116618	0.228831026	0	0.000430108	0	0	0	0	1	1	0	0	0	0	1	0.007851062