clone	all	HSC	nonHSC	freqHSC	freqNon	relout	Mk	Ery	My	DC	Ly	MPP	significantActive	inactive	active	Mkbias>1	Mkbias>4	no-progeny	notbiased	Mkbias
ACTTTGGCCACAGTAGACGTTTGAACCAG	675	498	177	0.262658228	0.155672823	0.592682074	0.180254154	0.081395349	0.145481532	0.162162162	0.126984127	0.203846836	1	1	0	0	0	0	1	0.830954701
AAGCTGTAACCACTAAACAGTAGAATGTG	664	260	404	0.137130802	0.35532102	2.591110209	0.286901271	0.497674419	0.36170164	0.243243243	0.396825397	0.34981659	1	0	1	0	0	0	1	0.54021881
CCCCTGGCCACATGCTACGCGCGAGAACG	288	215	73	0.113396624	0.064204046	0.566190096	0.07771261	0	0.100777179	0.081081081	0.111111111	0.045461989	1	1	0	1	0	0	0	1.282767823
ACAATGCCCCCACCCAACCCGCGAGACCG	218	184	34	0.097046414	0.029903254	0.308133532	0.03431085	0.048255814	0.054608926	0	0	0.03861075	1	1	0	1	0	0	0	1.779235455
ACACTGAAAACAACAAACAGCAGATTGGG	350	161	189	0.084915612	0.166226913	1.957554204	0.159139785	0.181395349	0.137433271	0.108108108	0.174603175	0.210196258	1	0	1	1	0	0	0	1.584978969
ACCATGAGACCAGTCAACCGATGAACTGG	169	144	25	0.075949367	0.021987687	0.289504544	0.059530792	0.011627907	0.008685293	0.081081081	0.015873016	0.009922773	1	1	0	1	1	0	0	4.998634681
AAATTGGTATCACATAACCGACGAACAGG	99	54	45	0.028481013	0.039577836	1.389621812	0.032258065	0.036627907	0.043107951	0.027027027	0.015873016	0.019984149	1	0	1	0	0	0	1	2.70862032
ACGATGGCGCCACCGGACCCCAGACTGGG	97	49	48	0.025843882	0.042216359	1.63351462	0.052492669	0	0.029348062	0.108108108	0.015873016	0.028534905	1	0	1	1	1	0	0	4.407663341
CGATTGTACGCAACTCACTCACGACATTG	59	32	27	0.016877637	0.023746702	1.406992084	0.019843597	0.025	0.009053498	0.081081081	0.063492063	0.006510417	1	0	1	0	0	0	1	1.901732795
AGTTTGACAACATTACACTTGTGAATAAG	33	32	1	0.016877637	0.000879507	0.052110818	0	0	0.019607843	0	0	0	1	1	0	0	0	0	1	0
ACCCTGTAGCCAAGTGACCAGAGAGTTGG	38	28	10	0.014767932	0.008795075	0.595552205	0.009090909	0	0.005761317	0	0	0.002604167	1	1	0	1	1	0	0	5.735856781
CAAGTGTTTCCACCGTACAAACGACCTAG	26	26	0	0.01371308	0	0	0	0	0	0	0	0	1	1	0	0	0	1	0	0
AATTTGAGACCAATTTACGAAAGACCAAG	35	23	12	0.012130802	0.01055409	0.870024091	0.009090909	0.011627907	0.006216158	0.027027027	0	0.014267453	0	0	0	0	0	0	1	2.971028825
CCCCTGACCCCACCCTACGCCCGATCCAG	29	22	7	0.011603376	0.006156552	0.530582874	0.005376344	0.011627907	0.000823045	0.027027027	0	0.00390625	1	1	0	0	0	0	1	3.392170448
CTGGTGGCTACAGTACACATCAGACACCG	37	18	19	0.009493671	0.016710642	1.760187628	0.005376344	0.048255814	0.008230453	0	0	0.01908616	1	0	1	0	0	0	1	1.757058547
AGGCTGCACCCACGTTACTAACGAACACG	18	18	0	0.009493671	0	0	0	0	0	0	0	0	1	1	0	0	0	1	0	0
AAAATGTGAACAGGAAACCAGAGACATTG	19	17	2	0.008966245	0.001759015	0.196181903	0	0	0.001646091	0	0	0	1	1	0	0	0	0	1	0
AGTATGCAAGCAAGAAACTCTGGATATAG	20	10	10	0.005274262	0.008795075	1.667546174	0.005376344	0	0.004938272	0	0.031746032	0.001302083	1	0	1	0	0	0	1	3.392170448
CATCTGGGTACAAACTACATAAGAAGCAG	8	8	0	0.004219409	0	0	0	0	0	0	0	0	1	1	0	0	0	1	0	0
CCATTGCTGCCACCGAACCCCCGATCCGG	18	7	11	0.003691983	0.009674582	2.620429702	0	0.023255814	0.004938272	0	0.015873016	0.018222506	1	0	1	0	0	0	1	0
CTCTTGTACGCAAGCCACCTGGGAACATG	13	7	6	0.003691983	0.005277045	1.429325292	0	0.011627907	0.004115226	0	0	0	1	0	1	0	0	0	1	0
CCGATGCGAACATCAGACGATCGACAAAG	11	7	4	0.003691983	0.00351803	0.952883528	0	0.011627907	0.002469136	0	0	0	0	0	0	0	0	0	1	0
CCAATGATTACAACAAACAAGAGATGCGG	9	7	2	0.003691983	0.001759015	0.476441764	0	0	0.001646091	0	0	0	1	1	0	0	0	0	1	0
AATCTGAGTGCAGTGCACGGATGAAACCG	7	6	1	0.003164557	0.000879507	0.277924362	0	0	0	0	0	0.007352941	1	1	0	0	0	1	0	0
TATATGTAGCCAAGTGACACAGGAAGTAG	6	6	0	0.003164557	0	0	0	0	0	0	0	0	1	1	0	0	0	1	0	0
ACTCTGAACCCACCTAACGACCGACAATG	6	6	0	0.003164557	0	0	0	0	0	0	0	0	1	1	0	0	0	1	0	0
CCGGTGCCAACATCAAACCGGTGACAAAG	6	6	0	0.003164557	0	0	0	0	0	0	0	0	1	1	0	0	0	1	0	0
CAGATGTCATCATACTACCGAAGACCTTG	13	5	8	0.002637131	0.00703606	2.668073879	0.009090909	0	0.003292181	0	0.015873016	0.002604167	1	0	1	0	0	0	1	5.735856781
TAATTGAATTCAGACGACGATAGATTAGG	18	5	13	0.002637131	0.011433597	4.335620053	0	0	0.013710201	0	0.015873016	0.00390625	1	0	1	0	0	0	1	0
CTCCTGCTTGCATCAGACAAGTGAACCTG	5	5	0	0.002637131	0	0	0	0	0	0	0	0	1	1	0	0	0	1	0	0
CGCCTGACTTCAAAAGACATTAGAGTGTG	9	4	5	0.002109705	0.004397537	2.084432718	0.005376344	0	0.002469136	0	0	0.001302083	1	0	1	0	0	0	1	3.392170448
TATATGCCCCCAACTCACCGTAGATAAAG	5	4	1	0.002109705	0.000879507	0.416886544	0	0	0.000823045	0	0	0	1	1	0	0	0	0	1	0
GTACTGTCAGCACCTTACGTACGAAAACG	4	4	0	0.002109705	0	0	0	0	0	0	0	0	1	1	0	0	0	1	0	0
ACCATGAGAACAATGTACCCATGAGGGTG	5	3	2	0.001582278	0.001759015	1.111697449	0.009090909	0	0.000823045	0	0	0	1	0	1	0	0	0	1	5.735856781
TCCGTGCATTCAAAGCACGACCGACGTTG	4	3	1	0.001582278	0.000879507	0.555848725	0.005376344	0	0	0	0	0	0	0	0	1	1	0	0	48.87581818
CAAATGAGTACAGAGTACCGCAGATGAGG	3	3	0	0.001582278	0	0	0	0	0	0	0	0	1	1	0	0	0	1	0	0
TGTCTGATGCCAGAATACGAATGATACCG	3	3	0	0.001582278	0	0	0	0	0	0	0	0	1	1	0	0	0	1	0	0
ACACTGTGGGCAATTCACATGCGATACGG	3	3	0	0.001582278	0	0	0	0	0	0	0	0	1	1	0	0	0	1	0	0
CTAGTGCAAGCACCACACAATTGAGACCG	3	3	0	0.001582278	0	0	0	0	0	0	0	0	1	1	0	0	0	1	0	0