clone	all	HSC	nonHSC	freqHSC	freqNon	relout	Mk	Ery	My	DC	Ly	MPP	significantActive	inactive	active	Mkbias>1	Mkbias>4	no-progeny	notbiased	Mkbias
CGATTGAACACAGAACACAAAGGATCTTG	591	588	3	0.158961882	0.005154639	0.032426888	0	0	0	0.016949153	0	0.010204082	1	1	0	0	0	0	1	0
ACGTTGAGCCCACCTAACTGAGGAGATAG	271	244	27	0.065963774	0.046391753	0.703291364	0.054945055	0.018518519	0.050359712	0	0.058823529	0.066326531	1	1	0	1	0	0	0	1.66108036
ACAATGTCAACACGAAACGATTGAAAAAG	228	225	3	0.060827251	0.005154639	0.084742268	0.021978022	0.018518519	0	0	0	0	1	1	0	1	1	0	0	3.821168699
CAGTTGATTACAAGGAACGAGAGAAGTGG	119	116	3	0.031359827	0.005154639	0.164370779	0.021978022	0.018518519	0	0	0	0	1	1	0	1	1	0	0	3.821168699
CGATTGCCATCAAAACACCGCTGAACAAG	117	113	4	0.030548797	0.006872852	0.224979473	0.010989011	0	0.014388489	0	0	0.005102041	1	1	0	1	1	0	0	2.849557176
ACACTGATACCAAACGACAACAGACCAGG	116	100	16	0.027034334	0.027491409	1.016907216	0.032967033	0.037037037	0.007194245	0.016949153	0.058823529	0.035714286	0	0	0	0	0	0	1	1.084799204
AAGGTGAAATCAAGGCACGAAAGACCCGG	115	99	16	0.02676399	0.027491409	1.027179007	0.043956044	0.055555556	0.007194245	0.06779661	0.117647059	0.010204082	1	0	1	0	0	0	1	0.693818184
ATGTTGACCACAAGACACAAACGACAGGG	113	60	53	0.0162206	0.091065292	5.614175258	0.076923077	0.111111111	0.136690647	0.050847458	0.176470588	0.071428571	1	0	1	0	0	0	1	0.63275374
ACATTGATTACACGCAACAACCGAGGCCG	109	84	25	0.02270884	0.042955326	1.891568483	0.043956044	0.037037037	0.050359712	0.033898305	0	0.040816327	1	0	1	1	0	0	0	1.377096333
ACCGTGTTTACACTCAACCCAAGAAATAG	99	72	27	0.01946472	0.046391753	2.383376289	0.021978022	0.037037037	0.035971223	0.118644068	0	0.056122449	1	0	1	0	0	0	1	0.434107893
ACTATGATGTCACCCTACCGTAGAGCTTG	94	69	25	0.01865369	0.042955326	2.302779023	0.054945055	0.055555556	0.050359712	0.050847458	0	0.035714286	1	0	1	1	0	0	0	1.349777274
AACATGACGCCATCGTACTACGGAAGCGG	93	62	31	0.016761287	0.053264605	3.177835052	0.043956044	0.055555556	0.050359712	0	0	0.081632653	1	0	1	1	0	0	0	1.540821427
AACTTGCCTACATAGAACTATGGAACTAG	87	81	6	0.02189781	0.010309278	0.470790378	0.043956044	0	0.007194245	0	0.058823529	0	1	1	0	1	1	0	0	2.401986558
ACATTGGTATCAAAAGACCCTCGAACAGG	84	83	1	0.022438497	0.001718213	0.076574339	0	0	0.007194245	0	0	0	1	1	0	0	0	0	1	0
CAAATGCTGGCAAACCACCCATGAGCTGG	80	76	4	0.020546094	0.006872852	0.334508953	0	0	0	0.016949153	0	0.010204082	1	1	0	0	0	0	1	0
AATATGCCAACAAATAACCACAGAATAAG	78	77	1	0.020816437	0.001718213	0.08254117	0	0	0	0	0	0.005102041	1	1	0	0	0	1	0	0
AATTTGATTCCACGGTACACCAGATCACG	78	74	4	0.020005407	0.006872852	0.343549735	0.032967033	0	0	0	0	0.005102041	1	1	0	1	1	0	0	305.8103882
AAGCTGTGGACAACTTACCAACGAATCTG	75	72	3	0.01946472	0.005154639	0.264819588	0.010989011	0.018518519	0.007194245	0	0	0	1	1	0	1	0	0	0	1.899704784
AACATGAAGTCAGTAAACCCATGAATAAG	73	42	31	0.01135442	0.053264605	4.691089838	0.010989011	0.092592593	0.064748201	0.033898305	0.058823529	0.06122449	1	0	1	0	0	0	1	0.192936841
CCTGTGCAGCCAGCATACCCAAGAATTAG	68	67	1	0.018113004	0.001718213	0.094860748	0	0	0	0	0	0	1	1	0	0	0	1	0	0
CAACTGACTTCACCACACGCAAGAATAGG	68	35	33	0.009462017	0.056701031	5.992488954	0.043956044	0.018518519	0.071942446	0.118644068	0.117647059	0.045918367	1	0	1	0	0	0	1	0.545379711
AAAATGGAGTCACTACACTGGAGAAGCAG	66	63	3	0.01703163	0.005154639	0.302650957	0.010989011	0	0.007194245	0	0.058823529	0	1	1	0	0	0	0	1	0.718526624
TAGATGTGCCCAACGCACCCTTGAAACCG	60	60	0	0.0162206	0	0	0	0	0	0	0	0	1	1	0	0	0	1	0	0
ACATTGTTTGCAAAAAACAAATGATTTAG	57	53	4	0.014328197	0.006872852	0.479673215	0	0.018518519	0.007194245	0	0	0.005102041	1	1	0	0	0	0	1	0
GCCCTGTAAGCAAATGACGTACGATAATG	54	47	7	0.012706137	0.012027491	0.946589164	0.010989011	0.074074074	0.007194245	0	0	0	0	0	0	0	0	0	1	0.575813441
CCCGTGCGAGCACATAACATGAGATGTGG	54	44	10	0.011895107	0.017182131	1.444470478	0.032967033	0	0.014388489	0.016949153	0	0.015306122	1	0	1	1	1	0	0	3.799409569
ACGATGTGTCCATGAAACTCAAGAGTCCG	44	33	11	0.00892133	0.018900344	2.118556701	0.021978022	0	0.021582734	0.016949153	0	0.025510204	1	0	1	1	0	0	0	1.592153625
CTAGTGTATCCAAGCTACAAGCGAACTGG	43	40	3	0.010813733	0.005154639	0.476675258	0.010989011	0	0	0	0	0.005102041	1	1	0	1	1	0	0	83.40283315
AAAATGTAACCACATAACTCCCGAGAGAG	40	22	18	0.005947553	0.030927835	5.200093721	0.054945055	0	0.014388489	0.033898305	0	0.045918367	1	0	1	1	1	0	0	3.821168699
CATATGTTTACATTCAACCGATGATAAGG	39	36	3	0.00973236	0.005154639	0.529639175	0.010989011	0	0.014388489	0	0	0	1	1	0	1	1	0	0	2.801695543
AAGTTGACATCAAACAACCCTTGACCGTG	38	38	0	0.010273047	0	0	0	0	0	0	0	0	1	1	0	0	0	1	0	0
ACAATGCCCCCAGATCACCGCCGAGAGAG	37	37	0	0.010002703	0	0	0	0	0	0	0	0	1	1	0	0	0	1	0	0
AACCTGCACCCACGTTACGACCGACCTAG	37	31	6	0.008380643	0.010309278	1.230129697	0.032967033	0.037037037	0	0	0	0.005102041	1	0	1	1	1	0	0	3.324483372
CTCCTGTTCGCAAAATACTGTGGAAGAAG	36	36	0	0.00973236	0	0	0	0	0	0	0	0	1	1	0	0	0	1	0	0
CCTCTGCCACCAGCCCACGCATGACCCCG	30	30	0	0.0081103	0	0	0	0	0	0	0	0	1	1	0	0	0	1	0	0
CAAATGCGCCCAGAATACAAAGGACGGAG	28	19	9	0.005136523	0.015463918	3.010580575	0	0	0.057553957	0	0	0	1	0	1	0	0	0	1	0
TCTTTGTGAGCAGTCAACCCCAGAGGAGG	27	27	0	0.00729927	0	0	0	0	0	0	0	0	1	1	0	0	0	1	0	0
GTAATGCCATCATAGAACTGCCGATAATG	25	25	0	0.006758583	0	0	0	0	0	0	0	0	1	1	0	0	0	1	0	0
CCCTTGTCGTCAGGACACCACTGAAGAGG	25	18	7	0.00486618	0.012027491	2.471649485	0.010989011	0	0.007194245	0.050847458	0	0.010204082	1	0	1	0	0	0	1	0.63686145
AAAATGCGGCCACGAAACCTCAGACACTG	24	18	6	0.00486618	0.010309278	2.118556701	0	0.037037037	0.014388489	0	0	0.005102041	1	0	1	0	0	0	1	0
AGTTTGTCCTCAAAAGACGCAGGATGTTG	24	15	9	0.00405515	0.015463918	3.813402062	0.021978022	0	0.021582734	0	0	0.020408163	1	0	1	1	1	0	0	3.735594057
ACAATGTCCCCAATCCACTCCTGACCCGG	23	18	5	0.00486618	0.008591065	1.765463918	0.010989011	0	0.021582734	0.016949153	0	0	1	0	1	0	0	0	1	0.949852392
CCTGTGCCCGCATACCACTGTAGACCGGG	22	22	0	0.005947553	0	0	0	0	0	0	0	0	1	1	0	0	0	1	0	0
CAAATGCGCCCATTTTACTATTGAAAGGG	22	21	1	0.00567721	0.001718213	0.302650957	0.010989011	0	0	0	0	0	1	1	0	1	1	0	0	55.60188876
AGTTTGATCCCACAAAACTGACGAACAGG	21	12	9	0.00324412	0.015463918	4.766752577	0.010989011	0	0.021582734	0.016949153	0	0.020408163	1	0	1	0	0	0	1	0.949852392
AGCATGAATGCAACCGACCTAAGAGAACG	20	18	2	0.00486618	0.003436426	0.706185567	0.010989011	0	0	0	0	0	1	1	0	1	1	0	0	55.60188876
AACCTGATGCCACGTCACAAGCGAAACGG	20	17	3	0.004595837	0.005154639	1.121588842	0	0	0.014388489	0	0	0.005102041	1	0	1	0	0	0	1	0
CTACTGGCTCCACCTGACCATAGAGTGGG	19	18	1	0.00486618	0.001718213	0.353092784	0.010989011	0	0	0	0	0	1	1	0	1	1	0	0	55.60188876
CGGGTGTTCGCATGTGACACGAGATTCTG	18	17	1	0.004595837	0.001718213	0.373862947	0	0	0	0	0.058823529	0	1	1	0	0	0	0	1	0
ACGATGAAGCCACCGTACGGAAGATTCCG	18	8	10	0.002162747	0.017182131	7.944587629	0.010989011	0	0.014388489	0.101694915	0	0.005102041	1	0	1	0	0	0	1	0.479017749
TAAGTGACATCACGGGACACTGGACAACG	17	17	0	0.004595837	0	0	0	0	0	0	0	0	1	1	0	0	0	1	0	0
TTCCTGTGTTCAGATAACCCAAGATCAGG	17	16	1	0.004325493	0.001718213	0.397229381	0	0	0	0	0	0.005102041	1	1	0	0	0	1	0	0
AGCGTGCAACCAGCTAACTAGTGATACTG	17	9	8	0.00243309	0.013745704	5.649484536	0	0	0	0.016949153	0.058823529	0.030612245	1	0	1	0	0	0	1	0
ACACTGACCACAACTAACCGCAGATCTAG	16	16	0	0.004325493	0	0	0	0	0	0	0	0	1	1	0	0	0	1	0	0
ATTATGCCTACAAAGCACTTGTGAAACAG	15	15	0	0.00405515	0	0	0	0	0	0	0	0	1	1	0	0	0	1	0	0
CCAGTGCAGCCAAATCACAGACGACTGTG	15	15	0	0.00405515	0	0	0	0	0	0	0	0	1	1	0	0	0	1	0	0
ACACTGCAAGCATAACACCCAAGAATCTG	15	11	4	0.002973777	0.006872852	2.311152765	0.010989011	0.018518519	0.007194245	0	0	0.005102041	1	0	1	1	0	0	0	1.867797029
CGAATGCGACCACCGCACCCCAGAAAGAG	14	7	7	0.001892403	0.012027491	6.355670103	0	0	0.007194245	0.016949153	0	0.020408163	1	0	1	0	0	0	1	0
CTAATGATTGCAACAGACCTATGATTCTG	14	7	7	0.001892403	0.012027491	6.355670103	0	0.037037037	0.021582734	0	0	0.010204082	1	0	1	0	0	0	1	0
CAGCTGAGTCCACATGACTAGCGAGCCAG	13	6	7	0.00162206	0.012027491	7.414948454	0	0.018518519	0.021582734	0	0	0.015306122	1	0	1	0	0	0	1	0
CAAATGTTTACAAATAACCAGCGACGCGG	13	3	10	0.00081103	0.017182131	21.18556701	0.010989011	0.018518519	0.007194245	0	0.058823529	0.015306122	1	0	1	0	0	0	1	0.474926196
CCACTGCGGACACGATACGGGAGACGATG	12	8	4	0.002162747	0.006872852	3.177835052	0	0	0.007194245	0	0	0.015306122	1	0	1	0	0	0	1	0
ACAATGCAGGCAGGTAACAATTGAAGTGG	11	8	3	0.002162747	0.005154639	2.383376289	0	0.018518519	0.014388489	0	0	0	1	0	1	0	0	0	1	0
ACTATGTGCCCACTTAACTTCCGAAATGG	11	4	7	0.001081373	0.012027491	11.12242268	0.021978022	0	0.007194245	0	0	0.020408163	1	0	1	1	0	0	0	1.867797029
TAAATGTAATCAGGCCACGGCTGAGATAG	10	10	0	0.002703433	0	0	0	0	0	0	0	0	1	1	0	0	0	1	0	0
CTGGTGACCCCATGGAACAGTCGACATAG	10	8	2	0.002162747	0.003436426	1.588917526	0.021978022	0	0	0	0	0	1	0	1	1	1	0	0	55.60188876
ACAATGCCATCAGATGACAGATGAAAATG	10	6	4	0.00162206	0.006872852	4.237113402	0.010989011	0	0.007194245	0.033898305	0	0	1	0	1	0	0	0	1	0.933898514
ACGGTGCCCTCAGGGCACACCCGACACCG	10	6	4	0.00162206	0.006872852	4.237113402	0	0	0.007194245	0	0	0.010204082	1	0	1	0	0	0	1	0
AAACTGTCCTCACTTGACCAAAGATATTG	10	4	6	0.001081373	0.010309278	9.533505155	0	0.018518519	0.007194245	0.016949153	0.058823529	0.010204082	1	0	1	0	0	0	1	0
TCTCTGCCTGCAGTAAACTGGAGAAAAGG	9	9	0	0.00243309	0	0	0	0	0	0	0	0	1	1	0	0	0	1	0	0
ACAATGTACTCAGTAAACTCAAGAGGCCG	9	1	8	0.000270343	0.013745704	50.84536082	0	0.055555556	0.007194245	0	0	0.015306122	1	0	1	0	0	0	1	0
TTGTTGGGAGCAGTAAACCAGTGAACCAG	8	8	0	0.002162747	0	0	0	0	0	0	0	0	1	1	0	0	0	1	0	0
ACAATGAGCCCAGAAGACCGAGGATACCG	7	6	1	0.00162206	0.001718213	1.059278351	0	0	0	0	0	0.005102041	0	0	0	0	0	1	0	0
AACTTGCGAACAAGGAACCCTCGAAACAG	7	6	1	0.00162206	0.001718213	1.059278351	0	0	0.007194245	0	0	0	1	0	1	0	0	0	1	0
CCCGTGCCACCAGCTGACCCTTGACCCCG	7	5	2	0.001351717	0.003436426	2.542268041	0	0	0.007194245	0	0	0.005102041	1	0	1	0	0	0	1	0
CCAATGCACGCACTTAACTCGTGACCTTG	7	2	5	0.000540687	0.008591065	15.88917526	0.010989011	0.018518519	0.007194245	0.033898305	0	0	1	0	1	0	0	0	1	0.933898514
CCCTTGCCTACACCCGACCCTAGATGAAG	6	6	0	0.00162206	0	0	0	0	0	0	0	0	1	1	0	0	0	1	0	0
CCTGTGCCCCCAGCCCACTGGCGACCTTG	6	5	1	0.001351717	0.001718213	1.271134021	0	0	0	0	0	0.005102041	1	0	1	0	0	1	0	0
GAGTTGTACTCATTCGACGGCGGATAGGG	6	5	1	0.001351717	0.001718213	1.271134021	0.010989011	0	0	0	0	0	1	0	1	1	1	0	0	27.80094438
GCCTTGGTCGCAGGCCACGAATGAAGCTG	5	5	0	0.001351717	0	0	0	0	0	0	0	0	1	1	0	0	0	1	0	0
CTTGTGCTTACAGTACACATGAGATGTGG	5	5	0	0.001351717	0	0	0	0	0	0	0	0	1	1	0	0	0	1	0	0
CTGCTGACACCATAAAACTAATGAGAGTG	5	5	0	0.001351717	0	0	0	0	0	0	0	0	1	1	0	0	0	1	0	0
AGGATGAAAACAGACCACAAATGAACCGG	5	5	0	0.001351717	0	0	0	0	0	0	0	0	1	1	0	0	0	1	0	0
CACTTGGCAGCATCCCACATGTGAAGGCG	5	4	1	0.001081373	0.001718213	1.588917526	0	0	0	0	0	0	1	0	1	0	0	1	0	0
AACATGCGCTCAAGCAACGATAGAGGATG	5	4	1	0.001081373	0.001718213	1.588917526	0	0	0.007194245	0	0	0	1	0	1	0	0	0	1	0
ACTGTGAAGGCAACTTACACGAGATAAAG	5	1	4	0.000270343	0.006872852	25.42268041	0	0.018518519	0.007194245	0	0	0.010204082	1	0	1	0	0	0	1	0
CACCTGCATACACCCGACAATTGACTGGG	4	4	0	0.001081373	0	0	0	0	0	0	0	0	1	1	0	0	0	1	0	0
AATCTGGTCGCACGATACTGCCGAACTCG	4	4	0	0.001081373	0	0	0	0	0	0	0	0	1	1	0	0	0	1	0	0
GCAATGCCGGCAAGATACGTCCGATTTAG	4	4	0	0.001081373	0	0	0	0	0	0	0	0	1	1	0	0	0	1	0	0
CAAATGGACACACCAAACCCCTGATAGAG	4	4	0	0.001081373	0	0	0	0	0	0	0	0	1	1	0	0	0	1	0	0
TCATTGTGACCAGCCGACGATAGACCCCG	4	3	1	0.00081103	0.001718213	2.118556701	0.010989011	0	0	0	0	0	1	0	1	1	1	0	0	27.80094438
AGCTTGTGCTCACCTAACGTAAGAATAAG	4	3	1	0.00081103	0.001718213	2.118556701	0	0	0	0	0	0.005102041	1	0	1	0	0	1	0	0
AGCCTGAATCCACTAAACCTAAGACAACG	4	3	1	0.00081103	0.001718213	2.118556701	0	0	0	0	0	0.005102041	1	0	1	0	0	1	0	0
ACTCTGTTTCCAGCGAACCGGGGATGGGG	4	3	1	0.00081103	0.001718213	2.118556701	0	0	0	0	0	0	1	0	1	0	0	1	0	0
TCGCTGAAAACACACAACTCTAGACCTCG	4	2	2	0.000540687	0.003436426	6.355670103	0	0.018518519	0	0	0	0.005102041	1	0	1	0	0	0	1	0
CGGTTGCCAACAAATCACAGGCGAAAACG	4	2	2	0.000540687	0.003436426	6.355670103	0	0	0	0	0	0.010204082	1	0	1	0	0	1	0	0
ACTCTGGGTCCAGGATACACCTGACCCCG	4	2	2	0.000540687	0.003436426	6.355670103	0	0	0	0	0	0.010204082	1	0	1	0	0	1	0	0
GAGTTGCCACCATACTACGAATGAGGACG	3	3	0	0.00081103	0	0	0	0	0	0	0	0	1	1	0	0	0	1	0	0
TCAATGGTATCAACGAACCACTGAGGGAG	3	3	0	0.00081103	0	0	0	0	0	0	0	0	1	1	0	0	0	1	0	0
ACAATGCTGCCAAGCAACTTTCGAACCCG	3	3	0	0.00081103	0	0	0	0	0	0	0	0	1	1	0	0	0	1	0	0
ACGTTGGCTACATCTAACTATAGAGAAAG	3	3	0	0.00081103	0	0	0	0	0	0	0	0	1	1	0	0	0	1	0	0
CAACTGACGCCATCGAACCGACGAAGAGG	3	3	0	0.00081103	0	0	0	0	0	0	0	0	1	1	0	0	0	1	0	0
ACAATGAGCACAACCCACCATTGAAAGGG	3	3	0	0.00081103	0	0	0	0	0	0	0	0	1	1	0	0	0	1	0	0
CCGGTGCATACAAAGGACCGCGGAACACG	3	3	0	0.00081103	0	0	0	0	0	0	0	0	1	1	0	0	0	1	0	0
AGCCTGGGCACACGAAACACCCGAGTGCG	3	3	0	0.00081103	0	0	0	0	0	0	0	0	1	1	0	0	0	1	0	0
CAAATGGCACCACGCAACTGATGATAGGG	3	3	0	0.00081103	0	0	0	0	0	0	0	0	1	1	0	0	0	1	0	0
CTTTTGCCTGCAGCAAACCACCGACGTTG	3	3	0	0.00081103	0	0	0	0	0	0	0	0	1	1	0	0	0	1	0	0
AAACTGAAAACAGGATACTACAGAATAGG	3	3	0	0.00081103	0	0	0	0	0	0	0	0	1	1	0	0	0	1	0	0
CCCTTGTTAACAGACTACATCCGACTGGG	3	2	1	0.000540687	0.001718213	3.177835052	0	0	0	0	0	0.005102041	1	0	1	0	0	1	0	0
GAGATGAATGCATCACACCGAGGACGTGG	3	2	1	0.000540687	0.001718213	3.177835052	0.010989011	0	0	0	0	0	1	0	1	1	1	0	0	27.80094438
TAGTTGTAACCATACCACACTTGAAGGTG	3	2	1	0.000540687	0.001718213	3.177835052	0	0	0	0	0	0.005102041	1	0	1	0	0	1	0	0
CCACTGTAACCATAGGACAATGGATAAAG	3	2	1	0.000540687	0.001718213	3.177835052	0	0	0	0.016949153	0	0	1	0	1	0	0	0	1	0
AACCTGCTCCCAACGTACGAGAGACGGAG	3	2	1	0.000540687	0.001718213	3.177835052	0	0	0	0	0	0.005102041	1	0	1	0	0	1	0	0